196 195 194   0   0   0   7   8   9 187 186 185 184 183 
182 181 180  18  19  20  21   0   0 173   0 171 170   0 
  0 167   0  32  33   0  35  36  37 159 158   0 156   0
  0  44  45   0 150 149   0 147 146 145   0  54  55   0 
 57   0  59 137   0   0 134 133   0 131  67   0  69  70 
  0  72   0 123 122   0 120 119 118   0  81  82   0  84 
 85   0  87 109   0   0   0 105 104 103  95  96   0   0 
 99   0 101   0  94  93   0  91  90  89   0   0 111 112 
113 114 115  81  80   0  78   0  76  75   0 124 125 126 
127 128 129  0   66  65  64  63  62  61 137 138 139 140 
 56  55   0 144   0 146 147 148 149 250  46  45  44  43 
 42  41  40 158 159   0 161 162   0 164  32   0  30  29 
  0   0  26 172 173 174 175 176 177 178  18  17  16  15 
 14   0   0 186 187   0 189   0 191 192   0   3   0   1 

Magic Sum: 1379