135 117  99  81   0   0   0   9 280 262 244   0 208   0 172 154   0 
116  98   0  62   0  26   8 279   0 243 225 207   0 171   0 152 134 
 97  79   0  43   0   7   0 260   0   0 206 188   0   0 151 133 115 
 78   0   0   0   6   0 259 241 223 205   0 186 168 150 132   0   0 
  0  41   0   5   0 258   0 222   0 203   0 167   0 131 113  95  77 
 40  22   4   0 257 239 238   0 202   0 166   0   0   0  94  76  58 
 21   3   0   0   0 237 219 201   0 165 147 129   0  93  75  57  39 
  0 273 272 254 236   0   0 182 164 146 128   0  92  74  56  38   0 
  0 271 253 235   0   0 181 163   0   0 109  91  73  55  37   0   1 
270 252 234 216   0   0 162   0 126 108   0  72  54   0  18  17 288 
251 233   0   0 179   0 143 125 107   0  71   0  35   0  16 287   0 
232 214 196 178   0 142   0   0  88  70  52  51   0   0 286 268 250 
213 195 177 159 141   0 105  87   0  68   0   0   0   0 267 249 231 
194 176 158 140   0   0  86  85   0  49  31   0 284 266 248   0 212 
  0   0   0 121 103   0  84  66  48  30   0 283 265 247 229 211 193 
156 138 120   0 101   0  65   0  29   0   0 264 246 228 210 192 174 
137 136 118 100  82  64   0  28   0 281   0   0   0 209 191 173   0 

Magic Sum: 2465